14.020289421081543
0.24246414005756378
0.22933463752269745
0.22933463752269745
0.22933463752269745
0.24295984208583832
0.24295984208583832
0.23833422362804413
0.23833422362804413
0.2345307618379593
0.23982574045658112
0.23982574045658112
0.23982574045658112
0.23982574045658112
12.807572364807129
13.317910194396973
14.93740463256836
15.568285942077637
16.19346046447754
17.831436157226562
18.831581115722656
19.801898956298828
20.703733444213867
21.374914169311523
21.53343963623047
21.74846649169922
21.8151912689209
21.731948852539062
21.711458206176758
21.80763816833496
